法国	2003	2234	2004	2234	2005	2234	2006	2478	2007	2534	2008	2534	2009	2590	2010	2710	2011	2718	2012	2718	2013	2718	2014	2718	2015	2816	2016	3274	2017	3453	2018	3629	2019	3802	2020	3802
德国    2003	2198	2004	2436	2005	2439	2006	2735	2007	2771	2008	2771	2009	2779	2010	2829	2011	2833	2012	2833	2013	2942	2014	3067	2015	3073	2016	3259	2017	3365	2018	4680	2019	4887	2020	4887
日本	2003	2073	2004	2207	2005	2209	2006	2209	2007	2209	2008	2209	2009	2305	2010	2413	2011	2421	2012	2421	2013	2421	2014	2626	2015	2636	2016	2637	2017	2890	2018	3158	2019	3422	2020	3422
英国    2003	1345	2004	1348	2005	1348	2006	1380	2007	1520	2008	1570	2009	1579	2010	1579	2011	1579	2012	1579	2013	1579	2014	1579	2015	1579	2016	1579	2017	1579	2018	1755	2019	2257	2020	2257
西班牙  2003	1295	2004	1295	2005	1295	2006	1574	2007	1631	2008	1638	2009	2593	2010	2622	2011	2622	2012	3225	2013	3243	2014	3243	2015	3243	2016	3244	2017	3981	2018	4757	2019	5525	2020	5525
美国    2003	735 2004	735	2005	735 2006	735	2007	735	2008	735	2009	735	2010	735	2011	735	2012	735	2013	735	2014	735	2015	735	2016	735	2017	735	2018	1436	2019	2151	2020	2151
芬兰    2003	668	2004	668	2005	668	2006	731	2007	744	2008	744	2009	744	2010	744	2011	744	2012	744	2013	744	2014	744	2015	744	2016	744	2017	744	2018	744	2019	744	2020	744
意大利  2003	569	2004	667	2005	762	2006	772	2007	774	2008	882	2009	1192	2010	1192	2011	1192	2012	1192	2013	1192	2014	1192	2015	1192	2016	1192	2017	1192	2018	1769	2019	2358	2020	2358
中国    2003	404	2004	404	2005	404	2006	404	2007	404	2008	1035	2009	3384	2010	5212	2011	6752	2012	9836	2013	13395	2014	19346	2015	24092	2016	26429	2017	28285	2018	32335	2019	36547   2020	39042
比利时  2003	183	2004	183	2005	183	2006	183	2007	183	2008	220	2009	320	2010	326	2011	328	2012	328	2013	328	2014	328	2015	328	2016	328	2017	380	2018	380	2019	400	2020	420
韩国    2003	158	2004	180	2005	286	2006	286	2007	286	2008	286	2009	410	2010	603	2011	614	2012	615	2013	615	2014	826	2015	892	2016	1099	2017	1422	2018	1480	2019	1529	2020	1652
俄罗斯  2003	100	2004	112	2005	115	2006	120	2007	125	2008	208	2009	736	2010	845	2011	845	2012	845	2013	845	2014	845	2015	845	2016	845	2017	845	2018	1488	2019	2143	2020	2143
土耳其  2003	80	2004	102	2005	108	2006	115	2007	120	2008	180	2009	225	2010	320	2011	433	2012	433	2013	680	2014	697	2015	697	2016	697	2017	1025	2018	2182	2019	2650	2020	2650
乌兹别克斯坦    2003	0	2004	0	2005	0	2006	0	2007	0	2008	0	2009	0	2010	0	2011	152	2012	251	2013	260	2014	420	2015	625	2016	653	2017	741	2018	1044	2019	1203	2020	1250
瑞典    2003	0	2004	0	2005	0	2006	50	2007	52	2008	80	2009	150	2010	200	2011	315	2012	340	2013	352	2014	378	2015	423	2016	584	2017	720	2018	895	2019	2055	2020	2055
沙特阿拉伯  2003	0	2004	0	2005	0	2006	0	2007	0	2008	0	2009	0	2010	0	2011	152	2012	325	2013	450	2014	521	2015	560	2016	600	2017	620	2018	690	2019	1052	2020	2807